  3 28 28 37.64 41.57 43.23 21392 0.00 0.00 0.00     0 37.17 41.32 42.98 10960  2560 0.047
  3 28 28 37.48 41.47 43.19 26488 0.00 0.00 0.00     0 37.12 41.30 43.08 13173  3096 0.065
  3 28 28 37.48 41.47 43.19 26488 0.00 0.00 0.00     0 37.12 41.30 43.08 13173  3096 0.052
  3 28 28 37.48 41.47 43.19 26488 0.00 0.00 0.00     0 37.12 41.30 43.08 13173  3096 0.042
  3 28 28 37.64 41.57 43.23 21392 0.00 0.00 0.00     0 37.17 41.32 42.98 10960  2560 0.048
  3 28 28 37.48 41.47 43.19 26488 0.00 0.00 0.00     0 37.12 41.30 43.08 13173  3096 0.041
  3 28 28 37.48 41.47 43.19 26488 0.00 0.00 0.00     0 37.12 41.30 43.08 13173  3096 0.041
  3 28 28 37.48 41.47 43.19 26488 0.00 0.00 0.00     0 37.12 41.30 43.08 13173  3096 0.041
  3 28 28 37.48 41.47 43.19 26488 0.00 0.00 0.00     0 37.12 41.30 43.08 13173  3096 0.041
  3 28 28 37.48 41.47 43.19 26488 0.00 0.00 0.00     0 37.12 41.30 43.08 13173  3096 0.041
  3 28 28 37.48 41.47 43.19 26488 0.00 0.00 0.00     0 37.12 41.30 43.08 13173  3096 0.041
  3 28 28 37.48 41.47 43.19 26488 0.00 0.00 0.00     0 37.12 41.30 43.08 13173  3096 0.044
  3 28 28 37.48 41.47 43.19 26488 0.00 0.00 0.00     0 37.12 41.30 43.08 13173  3096 0.041
  3 28 28 37.48 41.47 43.19 26488 0.00 0.00 0.00     0 37.12 41.30 43.08 13173  3096 0.041
  3 28 28 37.48 41.47 43.19 26488 0.00 0.00 0.00     0 37.12 41.30 43.08 13173  3096 0.041
  3 28 28 37.64 41.57 43.23 21392 0.00 0.00 0.00     0 37.17 41.32 42.98 10960  2560 0.047
  3 28 28 37.64 41.57 43.23 21392 0.00 0.00 0.00     0 37.17 41.32 42.98 10960  2560 0.049
  3 28 28 37.64 41.57 43.23 21392 0.00 0.00 0.00     0 37.17 41.32 42.98 10960  2560 0.047
  3 28 28 37.48 41.47 43.19 26488 0.00 0.00 0.00     0 37.12 41.30 43.08 13173  3096 0.052
  3 28 28 37.64 41.57 43.23 21392 0.00 0.00 0.00     0 37.17 41.32 42.98 10960  2560 0.049
  3 28 28 37.67 41.42 43.20 22784 0.00 0.00 0.00     0 37.21 41.19 42.99 11650  2832 0.045
  3 28 28 37.64 41.57 43.23 21392 0.00 0.00 0.00     0 37.17 41.32 42.98 10960  2560 0.047
  3 28 28 37.64 41.57 43.23 21392 0.00 0.00 0.00     0 37.17 41.32 42.98 10960  2560 0.048
  3 28 28 38.29 39.85 40.11 67888 0.00 0.00 0.00     0 37.34 39.25 39.35 30680  5080 0.091
  9 28 28 38.29 39.85 40.11 67888 0.00 0.00 0.00     0 35.95 38.57 38.46 17365  7829 0.147
  9 28 28 38.29 39.85 40.11 67888 0.00 0.00 0.00     0 35.95 38.57 38.46 17365  7829 0.147
  9 28 28 38.29 39.85 40.11 67888 0.00 0.00 0.00     0 35.95 38.57 38.46 17365  7829 0.150
  9 32 33 35.59 38.46 38.19 38840 0.00 0.00 0.00     0 34.37 37.73 36.99 10714     0 0.600
  9 32 33 35.48 38.51 38.06 41904 0.00 0.00 0.00     0 34.31 37.70 37.04 11521     0 0.372
  9 32 33 35.41 38.48 38.22 46272 0.00 0.00 0.00     0 34.24 37.74 37.13 12270     0 0.242
  9 32 33 35.59 38.46 38.19 38840 0.00 0.00 0.00     0 34.37 37.73 36.99 10714     0 0.600
  9 32 33 35.41 38.48 38.22 46272 0.00 0.00 0.00     0 34.24 37.74 37.13 12270     0 0.241
  9 32 33 35.59 38.46 38.19 38840 0.00 0.00 0.00     0 34.37 37.73 36.99 10714     0 0.601
  9 32 33 35.41 38.48 38.22 46272 0.00 0.00 0.00     0 34.24 37.74 37.13 12270     0 0.243
  9 32 33 35.41 38.48 38.22 46272 0.00 0.00 0.00     0 34.24 37.74 37.13 12270     0 0.240
  9 32 33 35.41 38.48 38.22 46272 0.00 0.00 0.00     0 34.24 37.74 37.13 12270     0 0.241
  9 32 33 35.41 38.48 38.22 46272 0.00 0.00 0.00     0 34.24 37.74 37.13 12270     0 0.242
  9 32 33 35.41 38.48 38.22 46200 0.00 0.00 0.00     0 34.24 37.74 37.13 12198     0 0.239
  9 32 33 35.59 38.46 38.19 38800 0.00 0.00 0.00     0 34.37 37.73 36.99 10674     0 0.594
  9 32 33 35.59 38.46 38.19 38800 0.00 0.00 0.00     0 34.37 37.73 36.99 10674     0 0.601
  9 32 33 35.41 38.48 38.22 46200 0.00 0.00 0.00     0 34.24 37.74 37.13 12198     0 0.241
  9 32 33 35.59 38.46 38.19 38800 0.00 0.00 0.00     0 34.37 37.73 36.99 10674     0 0.595
  9 32 33 35.41 38.48 38.22 46200 0.00 0.00 0.00     0 34.24 37.74 37.13 12198     0 0.241
  9 32 33 35.41 38.48 38.22 46272 0.00 0.00 0.00     0 34.24 37.74 37.13 12270     0 0.242
  9 32 33 35.59 38.46 38.19 38840 0.00 0.00 0.00     0 34.37 37.73 36.99 10714     0 0.599
  9 32 33 35.59 38.46 38.19 38840 0.00 0.00 0.00     0 34.31 37.66 36.92 10978     0 0.390
  9 32 33 35.26 38.44 38.18 42216 0.00 0.00 0.00     0 34.13 37.61 36.84 11495     0 0.218
  9 32 33 35.16 38.48 38.22 48776 0.00 0.00 0.00     0 34.07 37.70 37.05 12869     0 0.091
